49201970
49200652
49198302
49198069
49195468
49199357
49193173
49201342
49202852
49199094
49198583
49198843
49195231
49199346
49197137
49201003
49203105
49200439
49193673
49193314
49199308
49200933
49197005
49202690
49191365
49196745
49199088
49184755
49182996
49188022
49186762
49187061
49184757
49187575
49187977
49184746
49185430
49182041
49189075
49186720
49181519
49185370
49182946
49179039
49188916
49184960
49187256
49184190
49185983
49181083
49184216
49183665
49189234
49183750
49183850
49181678
49183017
49183076
49182695
49176983
49167113
49170165
49171268
49166202
49170479
49166386
49164896
49175826
49176830
49164649
49172834
49173984
49165665
49166984
49167448
49176038
49168622
49175192
49172836
49176606
49174900
49174407
49166874
49170001
49172550
49176055
49176697
49166331
49165775
49175924
49172076
49213754
49214098
49214468
49209385
49208393
49213029
49210077
49216362
49204546
49207146
49211660
49206115
49214008
49211386
49214863
49207236
49208535
49210589
49216946
49214770
49208458
49206130
49212459
49211758
